v 47.170655 6.4315 79.852546
v 44.09705 9.49795 83.26775
v 50.606855 7.31155 82.14859
v 48.56856 12.642600000000002 77.438855
v 51.93334 6.356499999999999 83.19362
v 48.576085 10.1019 79.13872
v 49.363385 5.91855 84.0161
v 47.202145 12.035999999999998 79.39721
v 41.207499999999996 4.7395 80.84552
v 51.691725 -2.219395 84.271445
v 53.243145 2.9583999999999993 84.33853500000001
v 44.40295 7.215450000000001 83.60645
v 43.86225 8.49075 79.513613
v 42.432900000000004 8.38385 79.251745
v 40.87535 7.6701 81.948445
v 44.76485 9.463750000000001 81.281825
v 42.4825 5.297799999999999 79.140375
v 51.491375 4.270250000000001 77.85345
v 46.096835 -1.2210149999999995 83.930935
v 40.837 9.23365 81.729575
v 41.5391 1.9399999999999995 79.725707
v 54.87211 1.8506500000000008 81.55319
v 43.978 9.410699999999999 79.920922
v 42.82725 10.62845 75.44445999999999
v 48.239485 -0.9204499999999998 84.88054
v 49.07714 3.603200000000001 85.56495
v 45.647585 6.994149999999999 81.421885
v 51.46054 4.051400000000001 84.717315
v 50.41189 -0.5024999999999995 85.5198
v 55.01465 -1.297085 82.890845
v 44.82045 -0.88565 83.24661
v 46.66357 4.0082 84.26829000000001
v 51.963915 -0.18590000000000018 84.79181
v 53.248955 5.8591999999999995 79.9878816
v 47.30259 -0.4770000000000003 83.60822
v 49.439385 1.0793 85.8453
v 49.93698 6.936400000000001 79.549475
v 41.2457 2.0429499999999994 82.06397
v 40.44725 6.0192499999999995 81.259305
v 45.265695 0.7050000000000001 83.98027
v 45.095855 8.207249999999998 80.3349735
v 42.0049 11.42595 75.31507
v 44.3461 4.130849999999999 77.912045
v 41.80975 6.594549999999998 79.36387
v 50.222278 1.8506999999999998 76.39312
v 40.685900000000004 5.6127 84.351545
v 47.69963 2.2051 85.63
v 44.81785 6.885350000000001 79.44068
v 42.7237 0.9517499999999997 83.162015
v 44.81925 3.103200000000001 84.605405
v 43.1411 5.5571 85.3807
v 47.186805 6.331399999999999 82.50469
v 42.1554 4.783199999999999 83.404625
v 43.8944 11.218349999999997 74.2967
v 42.9296 9.1003 75.10147
v 46.84212 2.9631000000000007 84.38403
v 49.030145 11.11485 77.50611
v 52.97804 5.613300000000001 83.23359
v 44.39925 5.45335 83.57085
v 47.099495 -2.161285 85.59325
v 44.11965 -2.46307 84.81209
v 53.879995 -0.23880000000000035 83.290735
v 56.0536 1.1546500000000002 80.99757
v 51.01338 2.4483499999999996 85.5999
v 42.6768 9.6035 80.156597
v 52.955265 -2.5090299999999996 80.3001055
v 42.82555 12.226200000000002 74.4029
v 54.261125 0.3542000000000005 79.5026805
v 56.01225 -0.4377500000000003 80.658245
v 50.0058056 5.4205000000000005 77.955645
v 45.978235 -2.57629 76.85656
v 51.47826 3.4320500000000003 77.213065
v 54.87592 -0.5477999999999996 79.27831
v 53.748735 3.568200000000001 78.516915
v 52.1927 -0.9055 77.425045
v 46.789255 5.2285 78.17751
v 42.967349999999996 2.5342000000000002 84.464965
v 55.46055 0.9090499999999997 82.70050499999999
v 43.652100000000004 -1.270905 83.812525
v 43.74355 -1.1683149999999998 80.489669
v 42.1568 7.5411 85.4224
v 45.164505 -0.7204499999999996 81.611715
v 45.27389 -1.38382 78.95842
v 42.4466 -2.58437 79.935261
v 46.75141 -0.7237499999999999 79.072945
v 43.929050000000004 -0.25729999999999986 80.260149
v 44.89925 0.6878999999999991 78.698125
v 51.365825 -2.49622 77.885705
v 46.994805 2.7687500000000007 76.225905
v 47.58958 -1.2977600000000002 77.10171
v 48.07293 0.8450999999999995 76.106345
v 46.34163 2.8077000000000005 77.628905
v 43.5929 1.7790999999999997 78.01347
v 45.79511 -2.602135 78.20626
v 50.932665 -2.277105 78.782935
v 46.234525 -2.1244349999999996 78.432005
v 49.6093595 -2.3277550000000002 81.38343
v 52.269765 -2.426965 82.787755
v 47.145475 -2.33277 81.409465
v 43.49065 -2.631775 82.14129
v 50.67031 -2.037215 83.379105
v 46.485945 -2.4869499999999998 84.298185
f 54 55 67
f 24 67 55
f 42 67 24
f 54 13 55
f 91 89 45
f 55 14 24
f 45 89 72
f 45 75 91
f 75 90 91
f 42 65 67
f 90 89 91
f 89 92 18
f 90 88 71
f 89 18 72
f 75 45 72
f 71 88 94
f 83 90 71
f 92 89 90
f 75 88 90
f 70 18 92
f 72 74 75
f 70 92 76
f 6 57 4
f 14 55 13
f 24 14 42
f 92 90 85
f 43 92 93
f 88 95 94
f 76 92 43
f 92 87 93
f 72 18 74
f 54 67 65
f 4 57 23
f 96 94 95
f 48 76 43
f 68 75 74
f 76 37 70
f 94 83 71
f 90 83 85
f 43 93 17
f 70 74 18
f 43 17 48
f 85 87 92
f 93 21 17
f 85 83 87
f 34 74 70
f 16 6 4
f 84 83 94
f 13 54 65
f 87 86 93
f 86 21 93
f 57 41 23
f 14 65 42
f 95 88 66
f 17 44 14
f 17 14 48
f 66 75 68
f 48 1 76
f 88 75 66
f 6 41 57
f 96 95 99
f 16 4 8
f 13 48 14
f 70 37 34
f 73 66 68
f 84 80 83
f 17 9 44
f 68 74 22
f 87 83 86
f 13 41 48
f 96 99 94
f 8 4 23
f 48 27 1
f 23 41 13
f 95 66 97
f 21 9 17
f 23 16 8
f 76 1 37
f 44 39 14
f 83 80 86
f 44 9 39
f 34 22 74
f 73 63 69
f 14 20 65
f 41 27 48
f 95 97 99
f 13 65 23
f 73 68 63
f 16 41 6
f 66 73 69
f 38 21 86
f 84 94 100
f 34 37 3
f 37 1 3
f 94 99 100
f 39 15 14
f 52 3 1
f 52 1 27
f 66 69 30
f 63 68 22
f 20 14 15
f 86 80 82
f 2 16 23
f 98 97 66
f 63 22 78
f 80 100 82
f 100 99 102
f 38 86 49
f 84 100 80
f 9 21 38
f 2 65 20
f 66 30 98
f 58 34 3
f 23 65 2
f 63 30 69
f 49 86 82
f 34 58 22
f 27 41 12
f 39 9 53
f 100 79 82
f 30 63 78
f 2 41 16
f 9 38 53
f 7 3 52
f 79 31 82
f 82 40 49
f 39 46 15
f 99 97 102
f 58 3 5
f 2 12 41
f 40 82 31
f 11 22 58
f 12 59 27
f 97 98 101
f 38 77 53
f 62 78 22
f 62 22 11
f 30 62 98
f 59 52 27
f 7 5 3
f 38 49 77
f 30 78 62
f 39 53 46
f 49 40 77
f 100 102 61
f 20 15 46
f 62 10 98
f 59 32 52
f 81 2 20
f 97 101 102
f 20 46 81
f 32 7 52
f 7 58 5
f 19 35 56
f 40 31 19
f 100 61 79
f 77 59 53
f 101 98 102
f 53 59 51
f 50 32 59
f 2 81 12
f 33 10 62
f 33 62 11
f 102 98 10
f 46 53 51
f 79 19 31
f 77 50 59
f 19 56 40
f 40 56 32
f 50 40 32
f 102 19 61
f 56 35 47
f 51 59 12
f 28 11 58
f 77 40 50
f 58 7 28
f 32 28 7
f 35 60 25
f 81 51 12
f 19 60 35
f 79 61 19
f 29 10 33
f 47 35 25
f 102 10 60
f 102 60 19
f 32 56 26
f 46 51 81
f 26 28 32
f 29 25 10
f 64 33 11
f 25 60 10
f 64 29 33
f 64 11 28
f 36 25 29
f 28 26 64
f 56 47 26
f 47 25 36
f 36 29 64
f 47 36 26
f 26 36 64
